FaceNet + SVM Training Report
=============================

Model Name: Facenet
Total Embeddings: 446
Training Samples: 356
Testing Samples: 90
Accuracy: 95.56%

Classification Report:
              precision    recall  f1-score   support

    22102001       0.71      1.00      0.83         5
    22102013       1.00      0.83      0.91        12
    22102017       1.00      1.00      1.00        14
    22102023       1.00      0.92      0.96        12
    22102024       1.00      0.92      0.96        13
    22102025       0.80      1.00      0.89         8
    22102026       1.00      1.00      1.00         8
    22102027       1.00      1.00      1.00         9
    22102029       1.00      1.00      1.00         8
    22102042       1.00      1.00      1.00         1

    accuracy                           0.96        90
   macro avg       0.95      0.97      0.95        90
weighted avg       0.97      0.96      0.96        90

Confusion Matrix:
[[ 5  0  0  0  0  0  0  0  0  0]
 [ 0 10  0  0  0  2  0  0  0  0]
 [ 0  0 14  0  0  0  0  0  0  0]
 [ 1  0  0 11  0  0  0  0  0  0]
 [ 1  0  0  0 12  0  0  0  0  0]
 [ 0  0  0  0  0  8  0  0  0  0]
 [ 0  0  0  0  0  0  8  0  0  0]
 [ 0  0  0  0  0  0  0  9  0  0]
 [ 0  0  0  0  0  0  0  0  8  0]
 [ 0  0  0  0  0  0  0  0  0  1]]